0	24.90
1	25.02
4	25.25
5	25.37
6	25.60
7	25.82
8	25.90
11	26.18
12	26.18
13	26.16
14	26.07
15	26.21
18	26.11
19	26.09
20	26.13
21	26.37
22	26.25
25	26.06
26	26.44
27	26.92
28	26.98
29	27.06
32	27.35
33	27.30
34	27.10
35	26.54
36	27.10
37	27.08
41	26.91
42	26.91
43	27.00
46	26.96
47	27.34
48	27.47
49	27.67
50	27.34
53	27.44
54	27.43
55	27.44
56	27.57
57	27.57
60	27.66
61	27.39
62	27.36
63	27.42
64	27.61
67	27.94
68	28.02
69	27.92
70	27.96
71	28.09
74	28.00
75	28.00
76	27.87
77	27.93
78	27.81
81	27.82
82	27.60
83	27.52
84	27.61
85	27.74
88	28.27
89	28.34
90	28.61
91	28.67
92	29.01
95	29.23
96	29.38
97	29.39
108	30.53
109	31.00
110	31.22
111	31.56
112	32.21
113	32.57
116	32.91
117	33.42
118	32.64
119	32.80
120	32.89
123	32.90
124	33.00
125	33.22
126	34.68
127	35.41
130	36.18
131	36.13
132	36.01
133	36.31
134	36.38
137	36.13
138	35.93
139	35.83
140	34.80
141	34.56
144	34.78
145	35.63
146	36.43
147	36.09
148	36.08
152	36.03
153	35.74
154	35.72
155	35.72
158	36.16
159	36.21
160	36.23
161	35.89
162	35.74
166	35.45
167	35.12
168	35.29
169	34.83
172	34.84
173	34.53
174	34.42
175	33.82
176	33.42
179	33.30
180	33.27
181	33.73
182	33.47
183	33.41
186	34.01
187	33.90
188	33.95
189	33.76
190	33.41
193	33.17
194	33.38
195	33.78
196	33.53
197	33.63
200	33.49
201	33.39
202	33.45
203	33.42
204	33.47
207	33.54
208	34.10
209	34.06
210	33.78
211	33.42
214	33.39
215	33.55
216	33.25
217	32.97
221	32.97
222	32.81
223	32.89
224	32.79
225	32.55
229	32.28
230	31.98
231	32.17
232	32.08
235	32.29
236	31.95
237	31.80
238	31.46
239	31.20
242	31.05
243	31.15
244	31.18
245	31.33
246	30.98
249	30.74
250	30.73
251	30.51
252	30.88
253	30.69
256	31.08
257	31.26
258	30.93
259	30.91
263	31.15
264	31.32
265	31.13
266	31.10
267	31.15
270	31.24
271	31.58
272	31.14
273	31.20
274	31.12
277	31.29
278	31.04
279	31.19
280	31.13
281	31.25
284	31.41
285	31.47
286	31.78
287	31.89
288	32.04
291	33.06
292	32.51
293	32.05
294	31.69
295	31.78
298	31.37
299	31.18
300	31.08
301	31.08
302	31.14
305	30.75
306	30.64
307	31.42
308	31.76
309	31.15
312	31.24
313	31.05
314	31.13
315	31.18
316	31.55
319	31.65
320	31.75
321	32.69
322	32.15
323	31.72
326	32.29
327	31.92
328	31.92
329	31.60
330	31.94
333	31.55
334	31.54
335	31.40
336	31.64
337	31.57
340	31.84
341	31.77
342	31.97
343	31.77
344	31.61
347	31.43
348	31.38
349	31.15
350	30.89
351	30.72
354	30.86
355	30.99
356	30.61
357	30.39
358	30.37
361	30.37
362	30.24
363	30.00
364	30.07
365	30.14
368	30.20
369	30.09
370	30.01
371	30.06
372	30.12
375	30.08
376	29.83
377	29.78
378	29.64
379	29.61
382	29.59
383	29.50
384	29.47
385	29.32
386	29.33
389	29.36
390	29.19
391	29.16
392	29.09
393	29.00
396	28.94
397	29.02
398	29.17
399	29.34
400	29.05
403	29.19
404	29.23
406	29.13
407	29.02
410	28.85
411	28.74
412	28.70
413	28.67
414	28.83
417	28.67
418	28.68
419	28.72
420	28.75
421	28.86
424	28.80
425	28.85
426	28.79
427	28.88
428	29.82
431	29.07
432	29.18
433	29.06
434	29.24
435	29.20
438	29.52
439	30.18
440	30.76
441	30.63
442	30.21
445	30.05
446	30.07
447	30.20
448	30.44
449	30.72
452	30.55
453	30.44
454	30.50
455	29.93
456	29.43
459	29.60
460	29.85
461	30.24
462	30.19
473	29.43
474	29.38
475	29.64
476	29.43
477	29.56
480	29.60
481	29.52
482	29.69
483	29.75
484	29.75
487	30.09
488	30.31
489	30.29
490	30.36
491	30.43
494	30.40
495	30.18
496	29.88
497	30.01
498	30.47
501	30.52
502	30.37
503	30.25
504	30.12
505	30.16
508	30.22
509	30.12
510	29.98
511	30.11
512	30.15
517	30.03
518	30.05
519	30.04
520	29.95
522	29.93
523	29.98
524	29.81
525	29.82
526	29.84
530	29.75
531	29.72
532	29.52
533	29.39
536	29.34
537	29.42
538	29.19
539	29.22
540	29.26
543	29.34
544	29.47
545	29.58
546	29.66
547	29.51
550	29.63
551	29.36
552	29.50
553	29.44
554	29.22
557	29.21
558	29.24
559	29.29
560	29.40
561	29.32
564	28.94
565	29.03
566	29.04
567	28.93
568	29.03
571	29.20
572	29.14
573	29.09
574	29.13
575	29.27
578	29.09
579	29.06
580	29.38
581	29.29
582	29.15
586	29.30
587	29.68
588	30.30
589	30.72
593	30.36
594	30.20
595	29.86
596	30.06
599	30.70
600	30.39
601	30.70
602	30.75
603	31.06
606	30.88
607	31.43
608	31.35
609	30.88
610	30.50
613	30.74
614	31.07
615	31.19
616	30.89
617	31.07
620	31.78
621	31.62
622	31.73
623	31.57
624	31.45
628	31.46
629	31.16
630	31.19
631	30.88
634	30.73
635	30.90
636	30.97
637	31.01
638	31.08
641	30.98
642	31.20
643	31.26
644	31.37
645	31.19
648	31.11
649	31.11
650	31.09
651	30.95
652	30.80
655	30.88
656	30.85
657	30.54
658	30.56
659	30.46
662	30.57
663	30.41
664	30.41
665	30.52
666	30.38
669	30.30
670	30.24
671	30.21
672	30.22
673	30.19
676	30.19
677	29.97
678	29.80
679	29.86
680	29.83
683	29.82
684	30.02
685	30.21
686	30.45
687	30.42
690	30.52
691	30.45
692	30.43
693	30.46
694	30.51
697	30.60
698	30.76
699	30.90
700	30.82
701	30.70
704	30.66
705	30.87
706	30.80
707	30.69
708	30.69
711	30.58
712	30.73
713	30.89
714	30.88
715	30.89
718	30.68
719	30.70
720	30.74
721	31.02
722	31.08
725	30.98
726	31.08
727	30.98
728	31.00
729	30.95
732	30.61
733	30.60
734	30.40
735	30.51
736	30.51
739	30.50
740	30.44
741	29.89
742	29.63
743	29.91
746	29.83
747	30.08
748	30.13
749	29.93
750	30.12
753	30.52
754	30.42
755	30.80
756	30.73
757	30.50
760	30.23
761	30.40
762	30.57
763	30.68
764	30.78
767	30.77
768	30.79
769	30.77
774	30.80
775	30.86
776	30.69
777	30.51
778	30.77
779	30.84
781	30.86
782	31.06
783	31.35
784	31.20
785	30.95
788	31.00
789	31.26
790	31.29
791	31.28
792	31.35
795	31.31
796	31.33
797	31.46
798	31.35
799	31.26
802	31.29
803	31.22
804	31.24
805	30.98
806	30.86
809	30.90
810	30.74
811	30.72
812	30.75
813	30.67
816	30.77
817	30.72
818	30.72
819	30.59
820	30.58
823	30.45
824	30.27
825	30.36
826	30.48
827	30.35
838	30.63
839	30.40
840	30.09
841	29.95
844	30.05
845	29.89
846	29.83
847	29.91
848	30.01
851	29.85
852	29.79
853	29.78
854	29.67
855	29.67
858	29.80
859	29.65
860	29.42
861	29.35
862	29.41
865	29.37
866	29.26
867	29.30
868	29.35
869	29.32
872	29.26
873	29.29
874	29.27
875	29.24
876	29.26
879	29.15
880	29.29
882	29.16
883	28.94
886	28.90
887	28.76
888	28.63
889	28.32
890	28.19
891	28.17
895	28.29
896	28.44
897	28.63
900	28.66
901	28.73
902	28.66
903	28.74
904	28.48
907	28.37
908	28.16
909	28.27
910	28.40
911	28.22
914	28.41
915	28.34
916	28.43
917	28.52
918	28.37
921	28.23
922	28.31
923	28.22
924	28.23
925	28.12
928	27.98
929	28.15
930	28.11
931	28.19
932	28.22
935	28.16
936	28.42
937	28.15
938	27.94
939	27.94
942	27.99
943	27.90
944	27.71
945	27.50
946	27.50
950	27.33
951	27.37
952	27.26
953	27.66
957	27.86
958	27.63
959	27.95
960	27.85
963	28.12
964	28.12
965	28.05
966	27.96
967	27.91
970	28.34
971	28.44
972	28.48
973	28.23
974	28.12
977	28.07
978	27.98
979	27.97
980	28.04
981	27.88
984	27.78
985	27.78
986	27.68
987	27.70
988	27.79
992	27.90
993	27.90
994	28.19
995	28.18
998	28.18
999	28.01
1000	27.90
1001	28.06
1002	28.17
1005	28.35
1006	28.24
1007	28.08
1008	27.87
1009	27.85
1012	27.80
1013	27.86
1014	27.89
1015	27.99
1016	27.89
1019	28.08
1020	28.38
1021	28.26
1022	28.06
1023	28.13
1026	28.18
1027	28.15
1028	28.05
1029	27.91
1030	27.72
1033	27.74
1034	27.55
1035	27.44
1036	27.59
1037	27.68
1040	27.52
1041	27.82
1042	27.90
1043	27.84
1044	28.34
1047	28.52
1048	29.42
1049	29.31
1050	29.42
1051	29.45
1054	28.86
1055	28.70
1056	28.72
1057	28.91
1058	29.27
1061	29.26
1062	28.95
1063	28.90
1064	28.88
1065	28.87
1068	28.71
1069	28.86
1070	28.93
1071	28.89
1072	29.06
1075	29.34
1076	29.61
1077	29.49
1078	29.50
1079	29.69
1082	30.30
1083	30.19
1084	30.36
1085	30.50
1086	30.53
1089	30.87
1090	31.50
1091	31.41
1092	31.91
1093	32.11
1096	32.46
1097	32.22
1098	31.82
1099	31.88
1100	32.11
1103	32.59
1104	32.68
1105	32.64
1106	32.51
1107	32.20
1110	32.01
1111	31.43
1112	31.42
1113	31.20
1114	30.99
1117	30.74
1118	30.97
1119	30.93
1120	31.38
1121	31.34
1124	30.83
1125	30.50
1126	30.57
1127	30.24
1128	29.90
1131	30.12
1132	30.64
1133	30.68
1134	30.84
1138	30.57
1139	30.50
1140	30.10
1141	30.85
1142	30.53
1145	30.29
1146	30.66
1147	30.84
1148	30.73
1149	30.92
1152	30.97
1153	31.06
1154	31.21
1155	31.44
1156	31.58
1159	31.41
1160	31.32
1161	31.40
1162	30.85
1163	30.81
1166	30.91
1167	31.10
1168	31.15
1169	31.23
1170	31.57
1173	31.41
1174	31.67
1175	31.77
1176	31.90
1177	31.77
1180	32.03
1181	32.05
1182	31.76
1183	31.56
1184	31.26
1187	31.23
1188	31.08
1189	31.56
1190	32.02
1191	32.20
1202	31.87
1203	31.69
1204	31.68
1205	31.58
1208	31.93
1209	31.54
1210	31.54
1211	31.48
1212	31.29
1215	31.33
1216	30.88
1217	30.67
1218	30.36
1219	30.36
1222	30.36
1223	30.31
1224	30.41
1225	30.19
1226	30.24
1229	30.23
1230	30.09
1231	29.69
1232	29.68
1233	29.89
1236	29.89
1237	30.09
1238	29.94
1239	30.21
1240	30.00
1243	29.78
1244	29.78
1245	29.77
1247	29.45
1250	29.13
1251	28.95
1252	29.03
1253	29.29
1254	29.30
1257	29.29
1258	29.45
1259	29.66
1263	29.54
1264	29.67
1265	29.51
1266	29.51
1267	29.58
1268	29.36
1271	29.22
1272	29.17
1273	29.21
1274	29.24
1275	29.40
1278	29.23
1279	28.95
1280	29.08
1281	29.29
1282	29.33
1285	29.35
1286	29.29
1287	29.43
1288	29.43
1289	29.46
1292	29.64
1293	29.64
1294	29.80
1295	29.57
1296	29.47
1299	29.76
1300	29.64
1301	29.50
1302	29.51
1303	29.52
1306	29.49
1307	29.45
1308	29.30
1309	29.28
1310	29.42
1311	29.36
1315	29.37
1316	29.46
1317	29.59
1318	29.81
1323	30.19
1324	30.23
1325	30.18
1327	30.27
1328	30.33
1329	30.98
1330	30.94
1331	31.39
1334	31.16
1335	31.06
1336	31.38
1337	31.62
1338	31.76
1341	31.83
1342	32.09
1343	32.45
1344	32.92
1345	33.74
1348	34.04
1349	33.20
1350	32.79
1351	32.19
1352	32.74
1353	32.59
1357	32.73
1358	32.58
1359	32.39
1362	32.13
1363	32.53
1364	32.52
1365	32.91
1366	33.52
1369	33.17
1370	33.17
1371	32.84
1372	32.94
1373	32.82
1376	32.53
1377	32.48
1378	32.21
1379	32.47
1380	32.62
1383	32.99
1384	32.98
1385	32.83
1386	32.72
1387	32.66
1390	32.62
1391	32.50
1392	32.40
1393	32.08
1394	31.95
1397	32.38
1398	32.63
1399	32.97
1400	32.62
1401	32.21
1404	32.19
1405	32.21
1406	32.33
1407	32.46
1408	32.54
1411	31.95
1412	31.66
1413	31.69
1414	31.48
1415	31.90
1418	31.87
1419	31.77
1420	31.85
1421	31.90
1422	31.85
1425	32.02
1426	31.96
1427	31.81
1428	31.68
1429	31.81
1432	31.87
1433	32.02
1434	32.09
1435	32.29
1436	32.57
1439	32.42
1440	32.20
1441	32.46
1442	32.20
1443	32.01
1446	31.72
1447	31.78
1448	31.48
1449	31.40
1450	30.82
1453	30.59
1454	30.88
1455	30.86
1456	31.58
1457	31.17
1460	31.25
1461	31.16
1462	31.22
1463	31.20
1464	30.92
1467	31.25
1468	31.14
1469	31.19
1470	31.12
1471	30.97
1474	31.08
1475	31.10
1476	31.20
1477	31.17
1478	30.97
1481	31.08
1482	30.95
1483	30.80
1484	30.72
1485	30.78
1488	30.91
1489	31.12
1490	31.30
1491	31.25
1492	31.48
1495	31.44
1496	31.53
1497	31.37
1498	31.37
1499	31.38
1503	31.52
1504	31.30
1505	31.51
1506	31.50
1509	31.61
1510	31.72
1511	31.73
1512	31.69
1513	31.72
1516	31.67
1517	31.43
1518	31.42
1519	31.15
1520	31.13
1523	31.02
1524	30.94
1525	31.14
1526	31.06
1527	30.81
1530	30.84
1531	30.99
1532	30.82
1533	30.91
1534	30.97
1537	30.87
1538	30.75
1539	30.73
1540	30.60
1541	30.69
1544	30.77
1545	30.99
1546	30.76
1547	30.76
1548	30.72
1551	30.80
1552	30.59
1553	30.62
1554	30.48
1555	30.37
1556	30.37
1567	30.42
1568	30.37
1569	30.25
1572	30.26
1573	30.26
1574	30.34
1575	30.34
1576	30.21
1579	30.30
1580	30.20
1581	30.23
1582	30.16
1583	30.05
1586	30.08
1587	30.15
1588	30.03
1589	30.02
1590	30.00
1593	29.93
1594	30.12
1595	29.96
1596	30.05
1597	30.16
1600	30.16
1601	30.17
1602	30.07
1603	30.08
1604	30.11
1607	30.13
1608	30.13
1609	30.05
1610	30.23
1611	30.36
1614	30.34
1615	30.59
1616	30.62
1617	30.51
1618	30.64
1621	30.79
1622	30.70
1623	30.62
1624	30.76
1628	30.76
1629	30.75
1630	30.72
1631	30.78
1632	30.72
1635	30.89
1636	30.83
1637	30.94
1638	30.89
1639	30.93
1642	30.76
1643	30.87
1644	30.86
1645	31.00
1646	31.08
1649	31.11
1650	31.12
1651	31.39
1652	31.72
1653	31.62
1656	31.61
1657	31.21
1658	31.00
1659	30.88
1660	30.93
1663	31.31
1664	31.45
1665	31.23
1666	31.72
1667	31.46
1670	31.57
1671	31.64
1672	31.59
1673	31.32
1674	31.22
1677	31.26
1678	31.04
1684	31.08
1685	31.08
1686	31.08
1691	31.38
1692	31.28
1693	31.43
1694	31.42
1695	31.39
1698	31.34
1699	31.18
1700	31.23
1701	31.47
1702	31.32
1705	31.30
1706	31.38
1707	31.52
1708	31.59
1709	31.80
1712	32.05
1713	31.83
1714	31.98
1715	32.14
1716	32.24
1719	32.32
1720	32.40
1722	32.35
1723	31.80
1726	31.68
1727	31.88
1728	32.12
1729	32.70
1730	32.74
1733	32.91
1734	32.71
1735	32.89
1736	32.88
1737	32.71
1740	32.85
1741	32.95
1742	33.22
1743	33.16
1744	33.22
1747	33.32
1748	33.08
1749	32.91
1750	32.59
1751	32.64
1754	32.62
1755	32.54
1756	32.45
1757	32.40
1758	32.43
1761	32.32
1762	32.31
1763	32.35
1764	32.54
1765	32.64
1768	32.86
1769	32.89
1770	33.03
1771	32.97
1772	33.10
1775	32.88
1776	32.94
1777	32.98
1778	32.94
1779	32.86
1782	32.89
1783	33.04
1784	33.16
1785	33.00
1786	32.94
1789	32.92
1790	33.00
1791	32.97
1792	33.19
1793	33.06
1796	32.96
1797	33.12
1798	33.18
1799	33.18
1800	33.25
1803	33.25
1804	33.37
1805	33.47
1806	33.39
1807	33.43
1810	33.32
1811	33.06
1812	32.96
1813	32.67
1814	32.74
1817	32.29
1818	32.32
1819	32.25
1820	31.59
1821	31.73
1824	31.91
1825	31.82
1826	31.93
1827	32.17
1828	32.35
1831	32.48
1832	32.30
1833	32.30
1834	32.13
1835	32.10
1838	32.29
1839	32.30
1840	32.36
1841	32.36
1842	32.21
1845	32.27
1846	32.27
1847	32.26
1848	32.08
1849	31.85
1852	31.90
1853	31.93
1854	31.74
1855	31.66
1856	31.68
1859	31.81
1860	31.94
1861	32.06
1862	32.08
1863	32.18
1867	32.35
1868	32.45
1869	32.38
1870	32.55
1873	32.66
1874	32.81
1875	32.82
1876	32.69
1877	32.68
1880	32.57
1881	32.61
1882	32.74
1883	33.02
1884	32.91
1887	32.77
1888	32.99
1889	33.00
1890	33.13
1891	33.19
1894	33.15
1895	33.25
1896	33.26
1897	33.11
1898	32.95
1901	32.78
1902	32.78
1903	32.73
1904	32.75
1905	32.87
1908	32.87
1909	32.86
1910	32.94
1911	32.95
1912	32.98
1915	32.95
1916	32.63
1917	32.65
1918	32.67
1919	32.63
1922	32.73
1923	32.66
1932	33.15
1933	33.21
1936	33.12
1937	33.24
1938	33.36
1939	33.40
1940	33.43
1943	33.64
1944	33.82
1945	33.87
1946	34.03
1947	34.26
1950	34.71
1951	34.63
1952	34.56
1953	35.24
1954	35.18
1957	35.23
1958	35.45
1959	34.96
1960	34.73
1961	34.60
1964	34.76
1965	34.80
1966	34.76
1967	34.86
1968	35.26
1971	35.10
1972	35.24
1973	35.59
1974	35.77
1975	35.68
1978	35.51
1979	35.57
1980	35.79
1981	36.05
1982	36.18
1985	36.38
1986	36.32
1987	36.08
1988	36.13
1989	36.26
1993	36.40
1994	36.49
1995	36.46
1996	36.64
1999	36.65
2000	36.45
2001	36.21
2002	36.11
2003	36.40
2006	36.17
2007	35.93
2008	35.45
2009	35.58
2010	35.69
2013	35.61
2014	35.02
2015	35.25
2016	35.52
2017	35.50
2020	35.47
2021	35.55
2022	35.75
2023	35.56
2024	35.62
2027	35.99
2028	35.96
2029	36.08
2030	35.93
2031	35.54
2034	35.67
2035	35.68
2036	35.66
2037	35.68
2038	35.93
2041	36.02
2042	35.70
2043	35.72
2048	35.84
2049	35.66
2050	35.50
2051	35.03
2055	35.21
2056	34.88
2057	34.71
2058	34.70
2059	34.78
2062	34.74
2063	34.60
2064	34.51
2065	34.28
2066	34.31
2069	34.08
2070	34.26
2071	34.49
2072	34.65
2073	34.74
2076	34.89
2077	35.01
2078	35.14
2079	34.90
2080	34.66
2083	34.33
2084	34.37
2085	34.32
2090	34.57
2091	34.81
2092	34.82
2093	34.30
2094	34.42
2097	34.28
2098	33.98
2099	33.91
2100	33.75
2101	33.63
2104	33.84
2105	34.23
2106	34.25
2107	34.19
2108	34.32
2111	34.57
2112	34.43
2113	34.08
2114	33.84
2115	34.06
2118	34.31
2119	34.37
2120	34.39
2121	34.80
2122	35.16
2125	35.09
2126	35.04
2127	34.81
2128	35.08
2129	35.05
2132	35.35
2133	35.63
2134	35.73
2135	35.44
2136	35.73
2139	35.66
2140	35.80
2141	36.11
2142	36.25
2143	36.45
2146	36.05
2147	36.09
2148	36.22
2149	36.04
2150	36.00
2153	36.03
2154	36.11
2155	36.22
2156	36.33
2157	36.00
2160	36.12
2161	36.14
2162	36.14
2163	36.31
2164	36.93
2167	37.29
2168	37.35
2169	37.32
2170	36.80
2171	36.92
2174	37.09
2175	37.03
2176	37.17
2177	37.38
2178	37.65
2181	37.99
2182	38.71
2183	38.37
2184	38.42
2185	38.41
2188	38.58
2189	38.67
2190	38.38
2191	38.30
2192	38.72
2195	39.39
2196	39.38
2197	39.66
2198	39.55
2199	39.70
2202	39.98
2203	39.74
2204	39.98
2205	39.98
2206	40.21
2209	40.33
2210	40.53
2211	40.94
2212	40.75
2213	41.05
2216	40.88
2217	41.05
2218	40.97
2219	41.50
2220	41.81
2223	41.95
2224	42.39
2225	42.65
2226	43.39
2227	41.96
2232	44.40
2233	45.19
2234	47.88
2237	45.89
2238	45.95
2239	46.34
2240	46.12
2241	47.39
2244	47.33
2245	46.98
2246	47.03
2247	46.70
2248	45.79
2251	44.79
2252	44.98
2253	46.42
2254	47.66
2255	49.32
2258	51.81
2259	50.77
2260	54.38
2261	52.69
2262	53.11
2265	53.31
2266	54.21
2267	54.28
2268	54.79
2269	56.89
2272	58.35
2273	61.15
2274	67.79
2275	59.60
2276	60.68
2279	56.49
2280	54.57
2281	54.49
2282	52.62
2283	52.03
2286	56.68
2287	56.26
2288	56.24
2300	62.74
2301	64.84
2302	66.10
2303	64.83
2304	65.17
2307	64.97
2308	64.99
2309	65.56
2310	65.40
2311	63.39
2314	65.59
2315	67.82
2316	67.15
2317	68.73
2318	68.93
2321	69.66
2322	67.77
2323	65.45
2324	68.61
2325	66.04
2328	65.78
2329	65.45
2330	66.06
2331	66.10
2332	65.09
2335	62.66
2336	62.84
2337	62.40
2338	62.13
2339	61.72
2343	63.51
2344	62.59
2345	60.71
2346	61.27
2349	62.22
2350	62.36
2351	61.87
2352	61.85
2353	59.99
2357	60.66
2358	62.68
2359	60.96
2360	61.32
2363	62.15
2364	61.75
2365	61.35
2366	59.83
2367	60.03
2370	59.45
2371	58.77
2372	57.39
2373	56.43
2374	57.73
2377	58.46
2378	57.65
2379	58.35
2380	56.99
2381	56.75
2384	56.52
2385	55.33
2386	54.03
2387	52.54
2388	51.07
2391	52.42
2392	51.97
2393	50.50
2394	49.67
2395	50.53
2398	51.52
2399	53.97
2400	53.66
2401	51.60
2402	50.25
2405	51.47
2406	52.30
2407	51.70
2408	51.14
2413	51.76
2414	49.98
2415	50.36
2416	50.75
2420	50.91
2421	49.54
2422	50.08
2423	50.01
2426	49.22
2427	49.18
2428	49.79
2429	49.92
2430	49.79
2433	49.86
2434	50.32
2435	51.02
2436	52.29
2437	52.97
2440	52.82
2441	53.44
2442	53.06
2443	54.99
2444	56.25
2447	56.04
2448	55.91
2449	54.82
2450	54.53
2454	55.27
2455	54.04
2456	53.90
2457	53.33
2458	53.80
2461	53.56
2462	54.21
2463	54.07
2464	54.60
2465	54.81
2468	55.52
2469	55.84
2470	55.48
2471	55.66
2472	55.60
2475	56.41
2476	57.22
2477	57.22
2478	56.98
2479	56.67
2482	56.61
2483	56.98
2484	56.66
2485	56.95
2486	56.84
2489	56.83
2490	57.00
2491	57.02
2492	57.36
2493	58.04
2496	58.78
2497	60.22
2498	59.77
2499	58.99
2500	60.35
2503	62.47
2504	62.92
2505	62.72
2506	63.86
2507	63.84
2510	64.50
2511	63.21
2512	65.02
2513	64.00
2514	64.94
2517	65.50
2518	65.83
2519	65.72
2520	66.96
2521	68.12
2524	70.75
2525	69.95
2526	69.31
2527	67.45
2528	66.48
2531	66.72
2532	65.35
2533	66.68
2534	67.01
2535	67.69
2538	68.49
2539	68.79
2540	67.62
2541	68.50
2542	68.01
2545	67.96
2546	67.16
2547	65.93
2548	65.36
2549	65.64
2552	66.15
2553	66.17
2554	66.04
2555	66.52
2556	65.67
2559	65.55
2560	66.24
2561	65.74
2562	65.03
2563	65.94
2566	65.62
2567	65.10
2568	62.71
2569	62.29
2570	61.30
2573	61.15
2574	62.22
2575	63.12
2576	62.24
2577	61.36
2580	61.44
2581	62.16
2582	62.63
2583	62.79
2584	61.93
2587	62.50
2588	63.50
2589	65.32
2590	64.17
2591	64.37
2594	63.80
2595	63.85
2597	63.40
2598	63.68
2601	64.66
2602	64.39
2603	64.57
2604	65.45
2605	66.63
2608	66.46
2609	65.48
2610	64.78
2611	64.91
2612	64.87
2615	65.60
2616	65.62
2617	65.48
2618	65.68
2619	66.24
2622	66.74
2623	66.26
2624	66.74
2625	67.77
2626	67.67
2629	68.52
2630	69.30
2631	69.20
2632	69.22
2633	69.18
2636	70.22
2637	70.83
2638	70.40
2639	70.58
2640	71.32
2643	71.26
2644	71.12
2645	70.93
2646	69.52
2647	70.27
2650	70.79
2651	72.51
2652	72.88
2653	72.93
2664	75.95
2665	76.60
2666	76.43
2667	76.52
2668	76.57
2671	78.67
2672	78.49
2673	79.46
2674	83.59
2675	80.57
2678	77.80
2679	81.84
2680	79.00
2681	77.37
2682	75.17
2685	76.33
2686	77.93
2687	79.26
2688	76.46
2689	77.34
2692	76.86
2693	78.68
2694	79.07
2695	79.11
2696	79.50
2699	77.78
2700	76.25
2701	77.85
2702	75.46
2703	76.37
2704	77.13
2708	76.39
2709	76.39
2710	75.09
2713	75.90
2714	74.05
2715	73.63
2716	73.82
2717	73.19
2722	72.38
2723	71.09
2724	70.31
2727	70.15
2728	70.54
2729	71.03
2730	68.56
2731	68.40
2734	68.81
2735	67.78
2736	67.64
2737	68.93
2738	68.43
2741	67.78
2742	68.75
2743	67.61
2744	67.86
2745	67.14
2748	68.68
2749	68.89
2750	68.52
2751	67.80
2752	67.47
2755	67.13
2756	66.35
2757	65.77
2758	66.50
2759	66.05
2762	68.27
2763	65.65
2764	66.04
2765	65.03
2766	66.22
2769	66.63
2770	66.46
2771	65.16
2772	65.11
2773	64.33
2778	66.17
2779	65.89
2780	66.19
2784	66.33
2785	66.24
2786	64.96
2787	64.93
2790	64.89
2791	64.51
2792	65.06
2793	66.21
2794	66.38
2797	67.05
2798	67.05
2799	65.89
2800	65.21
2801	66.04
2804	66.08
2805	66.00
2806	66.62
2807	66.75
2808	66.85
2811	65.79
2812	65.21
2813	64.68
2814	63.74
2815	64.71
2819	66.03
2820	65.92
2821	65.86
2822	65.44
2825	64.15
2826	64.17
2827	63.72
2828	64.32
2829	65.53
2832	65.06
2833	64.81
2834	64.26
2835	64.18
2836	64.02
2839	63.68
2840	64.27
2841	64.63
2842	64.05
2843	64.25
2846	64.20
2847	63.90
2848	63.85
2849	63.58
2850	63.17
2853	63.12
2854	62.99
2855	63.42
2856	63.74
2857	64.63
2860	64.92
2861	65.74
2862	65.95
2863	66.11
2864	67.05
2867	65.96
2868	66.88
2869	66.74
2870	66.39
2871	65.56
2874	65.08
2875	64.78
2876	64.81
2877	64.95
2878	64.34
2881	64.21
2882	63.95
2883	63.99
2884	63.55
2885	63.94
2888	64.21
2889	64.77
2890	64.81
2891	64.95
2892	64.74
2895	65.08
2896	64.91
2897	65.25
2898	65.26
2899	65.87
2902	64.76
2903	64.83
2904	64.38
2905	63.97
2906	64.16
2909	65.05
2910	64.81
2911	64.97
2912	65.22
2913	64.99
2916	64.92
2917	64.75
2918	64.44
2919	63.79
2920	63.86
2923	64.15
2924	63.69
2925	63.95
2926	63.16
2927	63.40
2930	62.55
2931	62.43
2932	62.46
2933	62.39
2934	62.30
2937	62.39
2938	62.19
2939	62.59
2940	63.35
2941	62.99
2944	63.15
2945	62.89
2946	62.58
2947	62.42
2948	62.45
2951	62.23
2952	62.05
2953	62.26
2954	63.04
2955	62.90
2958	63.22
2959	63.20
2960	63.42
2961	63.50
2965	63.91
2966	63.74
2967	63.89
2968	63.42
2969	65.22
2972	65.86
2973	65.55
2974	64.55
2975	64.92
2976	65.10
2979	64.36
2980	63.63
2981	64.01
2982	64.63
2983	64.62
2986	64.92
2987	64.94
2988	65.24
2989	63.68
2990	64.15
2993	63.92
2994	63.87
2995	63.91
2996	63.39
2997	63.30
3000	61.58
3001	61.07
3002	60.81
3003	61.64
3004	61.75
3007	61.79
3008	61.80
3009	61.11
3010	60.86
3011	60.85
3014	60.91
3015	60.86
3016	60.67
3017	60.27
3018	60.66
3028	59.90
3029	59.95
3030	60.16
3031	59.50
3032	59.37
3035	59.61
3036	59.40
3037	59.18
3038	59.35
3039	59.67
3042	59.50
3043	59.22
3044	59.15
3045	59.64
3046	60.32
3049	60.16
3050	60.09
3051	60.31
3052	59.99
3053	59.31
3056	58.71
3057	59.19
3058	59.51
3059	59.02
3060	58.85
3063	58.06
3064	57.74
3065	56.77
3066	57.15
3067	57.63
3070	58.10
3071	57.86
3072	57.48
3077	57.94
3078	57.96
3079	58.38
3080	58.41
3081	58.91
3084	58.34
3085	58.26
3087	58.83
3088	59.22
3091	59.13
3092	58.95
3093	59.11
3094	58.24
3095	57.93
3098	57.28
3099	57.23
3100	57.64
3101	57.52
3102	57.42
3105	57.02
3106	56.94
3107	57.02
3108	56.38
3109	55.96
3112	56.14
3113	56.56
3114	55.89
3115	56.44
3116	56.92
3119	57.39
3120	56.96
3121	56.76
3122	56.60
3123	56.29
3126	56.25
3127	55.98
3128	56.18
3129	56.42
3130	56.23
3133	56.08
3134	55.85
3135	56.31
3136	56.97
3137	56.98
3141	56.95
3142	57.09
3143	57.57
3144	58.54
3149	58.08
3150	57.12
3151	57.16
3154	56.53
3155	56.26
3156	56.74
3157	57.47
3158	57.16
3161	56.50
3162	56.56
3163	56.27
3164	56.07
3165	56.76
3168	56.71
3169	56.52
3170	56.69
3171	56.54
3172	56.69
3175	56.62
3176	56.67
3177	56.59
3178	56.99
3179	57.00
3183	56.91
3184	57.03
3185	57.44
3186	57.74
3189	57.96
3190	58.58
3191	60.00
3192	60.15
3193	59.66
3196	59.00
3197	58.88
3198	59.54
3199	59.09
3200	59.39
3203	58.97
3204	59.23
3205	59.58
3206	60.24
3207	60.38
3210	60.30
3211	60.74
3212	60.62
3213	60.18
3214	59.88
3217	59.07
3218	59.37
3219	59.24
3220	59.08
3221	58.93
3224	59.66
3225	59.82
3226	59.91
3227	59.41
3228	59.54
3231	60.06
3232	59.85
3233	60.58
3234	60.75
3235	60.33
3238	60.06
3239	59.99
3240	59.96
3241	59.93
3242	60.19
3245	59.80
3246	59.93
3247	59.65
3248	59.25
3249	59.36
3252	59.14
3253	59.04
3254	59.13
3255	59.14
3256	59.15
3259	58.55
3260	58.53
3261	58.73
3262	58.55
3263	58.06
3266	57.78
3267	57.85
3268	57.34
3269	57.14
3270	57.00
3273	57.17
3274	57.27
3275	57.67
3276	57.77
3277	57.53
3280	57.62
3281	58.10
3282	58.13
3283	58.22
3284	57.65
3287	57.57
3288	57.52
3289	58.01
3290	58.43
3291	58.02
3294	57.81
3295	57.94
3296	57.78
3297	57.58
3298	57.76
3301	58.32
3302	58.07
3303	57.92
3304	57.69
3305	57.62
3308	57.09
3309	57.34
3310	57.27
3311	57.57
3312	57.51
3315	57.47
3316	57.59
3317	57.61
3318	57.76
3319	58.08
3322	57.87
3323	58.12
3324	58.16
3325	58.09
3326	58.43
3330	58.46
3331	59.25
3332	59.25
3333	59.28
3336	59.18
3337	59.62
3338	60.25
3339	59.99
3340	59.63
3343	59.27
3344	59.46
3345	59.01
3346	58.46
3347	58.53
3350	58.28
3351	58.41
3352	58.33
3353	58.58
3354	58.52
3357	58.99
3358	58.69
3359	58.93
3360	59.29
3361	59.28
3364	59.23
3365	58.84
3366	59.14
3367	58.71
3368	58.90
3371	58.69
3372	58.61
3373	58.72
3374	58.56
3375	58.32
3378	58.20
3379	57.73
3380	57.45
3381	57.63
3382	57.60
3393	57.05
3394	56.87
3395	57.00
3396	56.60
3399	56.36
3400	56.39
3401	56.59
3402	56.76
3403	56.59
3406	56.63
3407	56.41
3408	56.39
3409	55.93
3410	55.83
3413	56.29
3414	56.29
3415	56.18
3416	56.26
3417	56.04
3420	56.63
3421	57.22
3422	56.95
3423	57.67
3424	58.17
3427	58.02
3428	57.77
3429	57.59
3430	56.59
3431	56.36
3434	56.34
3435	56.52
3436	56.65
3437	56.76
3441	55.92
3442	55.67
3443	56.37
3444	56.43
3445	56.66
3448	57.10
3449	56.50
3450	56.80
3455	56.61
3456	56.94
3457	56.94
3458	57.02
3459	57.49
3462	57.55
3463	57.70
3464	57.50
3465	56.84
3466	57.11
3469	57.00
3470	57.17
3471	57.56
3472	57.76
3473	57.26
3476	57.29
3477	57.54
3478	57.76
3479	57.58
3480	57.83
3483	58.57
3484	62.37
3485	64.06
3486	62.07
3487	61.43
3490	62.28
3491	61.15
3492	61.55
3493	60.86
3494	61.32
3497	61.77
3498	61.66
3499	61.75
3500	62.60
3501	62.73
3502	62.00
3507	63.49
3508	63.20
3511	62.71
3512	63.01
3514	62.52
3515	61.74
3518	61.77
3519	61.92
3520	62.30
3521	61.82
3522	61.94
3525	62.53
3526	61.26
3527	61.59
3528	61.41
3529	61.67
3532	62.27
3533	62.64
3534	62.59
3535	62.02
3536	62.21
3539	61.93
3540	61.98
3541	62.01
3542	61.81
3543	62.67
3544	62.34
3548	63.12
3549	62.25
3550	62.69
3553	63.48
3554	64.07
3555	63.62
3556	63.79
3557	63.24
3560	62.95
3561	62.79
3562	63.14
3563	63.29
3564	62.76
3567	63.14
3568	63.22
3569	63.23
3570	63.26
3571	63.12
3574	62.83
3575	62.44
3576	62.10
3577	62.21
3578	62.29
3581	62.26
3582	62.44
3583	62.90
3584	63.27
3585	63.49
3588	63.20
3589	62.92
3590	63.08
3591	62.95
3592	62.97
3595	62.78
3596	62.35
3597	62.56
3598	63.14
3599	63.45
3602	63.50
3603	63.54
3604	63.60
3605	66.29
3606	66.91
3609	68.22
3610	66.75
3611	66.38
3612	66.89
3613	66.88
3616	67.18
3617	67.18
3618	67.62
3619	68.53
3620	67.79
3623	67.40
3624	67.39
3625	68.15
3626	68.08
3627	68.04
3630	67.74
3631	68.27
3632	68.46
3633	68.25
3634	69.03
3637	69.87
3638	69.97
3639	69.57
3640	68.64
3641	68.28
3644	68.20
3645	67.75
3646	67.01
3647	66.47
3648	66.25
3651	66.16
3652	65.82
3653	65.76
3654	65.84
3655	65.59
3658	65.57
3659	65.22
